%YAML:1.0
---
model_type: PINHOLE
camera_name: camera
image_width: 640
image_height: 480
distortion_parameters:
   k1: 0.0
   k2: 0.0
   p1: 0.0
   p2: 0.0
projection_parameters:
   fx: 383.5711669921875
   fy: 383.5711669921875
   cx: 321.3166809082031
   cy: 237.58758544921875
