%YAML:1.0
---
model_type: PINHOLE
camera_name: camera
image_width: 640
image_height: 480
distortion_parameters:
   k1: 0.006578095023
   k2: -0.00138982990
   p1: -0.00064171333
   p2: -0.00021237616
projection_parameters:
   fx: 359.334786513973
   fy: 361.691033900542
   cx: 316.922353406966
   cy: 221.575124959936