%YAML:1.0
---
model_type: PINHOLE
camera_name: camera
image_width: 640
image_height: 480
distortion_parameters:
   k1: 0.0123589711870733
   k2: -0.00704606973492291
   p1: 0.00165032834043333
   p2: -0.000709550656162629
projection_parameters:
   fx: 395.095484819670
   fy: 394.946891318763
   cx: 324.546522791291
   cy: 246.129183752260
